# To add new blocks, you also need to update blockTypeMap in Block::blockTypeMap
# For special block (e.g. transparent, animatable...), update the corresponding set in block.cpp
# Each block is followed by 6 uv coords (bottom-left) of face with corresponding direction with the following order
# XPOS, XNEG, YPOS, YNEG, ZPOS, ZNEG
# Every direction is written in one line, and x and y are separated by the space " "
# the program would ignore empty line and line that starts with #

# 14 18 20 24
# 2 18 8 24
# 8 24 14 30
# 14 24 20 30
# 8 18 14 24
# 20 18 26 24
SHEEPHEAD
0.21875 0.5625 0.3125 0.75
0.03125 0.5625 0.125 0.75
0.125 0.75 0.21875 0.9375
0.21875 0.75 0.3125 0.9375
0.125 0.5625 0.21875 0.75
0.3125 0.5625 0.40625 0.75

# 28 18 35 2
# 42 18 49 2
# 35 18 42 2
# 49 18 56 2
# 35 18 42 24
# 42 18 49 24
SHEEPBODY
0.4375 0.5625 0.546875 0.0625
0.65625 0.5625 0.765625 0.0625
0.546875 0.5625 0.65625 0.0625
0.765625 0.5625 0.875 0.0625
0.546875 0.5625 0.65625 0.75
0.65625 0.5625 0.765625 0.75

# 0 12 4 0
# 8 12 12 0
# 4 16 8 12
# 8 16 12 12
# 4 12 8 0
12 12 16 0
SHEEPLIMB
0.0 0.375 0.0625 0.0
0.125 0.375 0.1875 0.0
0.0625 0.5 0.125 0.375
0.125 0.5 0.1875 0.375
0.0625 0.375 0.125 0.0
0.1875 0.375 0.25 0.0

STEVEHEAD
0.25 0.75 0.375 0.875
0.0 0.75 0.125 0.875
0.125 0.875 0.25 1.0
0.25 0.875 0.375 1.0
0.125 0.75 0.25 0.875
0.375 0.75 0.5 0.875

STEVEBODY
0.4375 0.5 0.5 0.6875
0.25 0.5 0.3125 0.6875
0.3125 0.6875 0.4375 0.75
0.4375 0.6875 0.5625 0.75
0.3125 0.5 0.4375 0.6875
0.5 0.5 0.625  0.6875

STEVELUL
0.75 0.5 0.8125 0.6875
0.625 0.5 0.6875 0.6875
0.6875 0.6875 0.75 0.75
0.75 0.6875 0.8125 0.75
0.6875 0.5 0.75 0.6875
0.8125 0.5 0.875 0.6875

STEVERUL
0.625 0.0 0.6875 0.1875
0.5 0.0 0.5625 0.1875
0.5625 0.1875 0.625 0.25
0.625 0.1875 0.6875 0.25
0.5625 0.0 0.625 0.1875
0.6875 0.0 0.75 0.1875

STEVELLL
0.125 0.5 0.1875 0.6875
0.0 0.5 0.0625 0.6875
0.0625 0.6875 0.125 0.75
0.125 0.6875 0.1875 0.75
0.0625 0.5 0.125 0.6875
0.1875 0.5 0.25 0.6875

STEVERLL
0.375 0.0 0.4375 0.1875
0.25 0.0 0.3125 0.1875
0.3125 0.1875 0.375 0.25
0.375 0.1875 0.4375 0.25
0.3125 0.0 0.375 0.1875
0.4375 0.0 0.5 0.1875

